17
20 24 76 -1 -44 66 9 -72 6 -80 -23 45 -22 78 29 36 -70
97 38 -16 -2 65 8 -30 -60 62 37 28 94 89 -30 87 -100 82
14 -55 24 12 -56 -14 -50 -1 69 60 20 41 36 -31 20 -76 -69
-16 7 9 -94 46 -41 1 -24 -68 13 -55 59 -60 76 -72 -22 7
-98 19 -78 -69 -47 -36 0 -47 37 -91 -16 -48 50 45 74 -52 -72
88 50 83 -73 56 45 57 -88 -65 4 4 28 1 90 75 -57 -62
81 70 -3 -32 31 -22 -69 -14 100 65 65 50 -18 10 73 -88 46
-44 -22 60 37 38 82 61 100 -98 -85 46 -13 42 40 -82 33 35
-26 -35 0 -12 46 -3 60 -97 42 -78 -39 62 -20 -64 61 77 -13
-3 90 31 -91 -84 -59 -91 -3 11 86 82 -1 33 -70 22 -55 -60
-58 -58 -21 -89 0 19 96 -33 -51 48 56 19 -18 -5 95 -14 72
18 16 -88 79 11 89 -100 92 -87 34 -71 63 -92 89 -97 -23 -97
-70 -46 -71 81 95 4 18 -45 -100 12 -40 -71 80 -38 72 13 -15
43 86 -71 7 40 -17 -57 -17 50 32 82 -36 -85 47 -80 61 -59
22 -8 19 -36 51 -17 -48 48 -58 -38 9 69 -46 -64 -95 85 -27
-44 -72 19 4 -11 -60 34 -27 -40 -16 84 -84 -42 -38 16 -32 12
-65 41 65 84 75 25 30 81 -57 68 16 84 -80 33 -43 -33 33
