17
-32 -87 85 31 23 -6 4 -92 -65 -60 5 -54 -12 12 61 -100 -92
39 -1 12 -98 -40 -83 -60 -57 23 -41 60 -30 25 99 27 6 -69
-92 58 -4 -77 47 1 71 -7 39 -67 -64 1 33 71 35 80 -55
-29 -77 -18 -53 78 8 44 68 83 9 53 -93 -49 -99 -48 67 84
35 23 16 -66 -57 85 -69 95 -54 -78 -68 61 53 -45 -22 -49 42
45 9 -82 40 -57 90 82 99 -46 -62 28 -41 44 15 52 -61 -39
34 75 72 92 -1 35 71 -49 -81 71 69 -63 -90 85 59 -99 -5
-33 -83 3 -89 -68 32 -61 -73 89 88 56 -4 28 71 -99 -62 -24
17 -89 -53 40 -61 -62 -61 -78 76 89 -37 -18 65 -47 -7 -36 -51
-65 -80 93 98 -34 -85 93 -77 75 100 -51 -42 40 -17 -19 -8 -7
-25 -98 -57 74 3 -34 -78 23 -43 79 -88 -17 91 -53 83 -24 -34
-7 10 75 73 42 21 66 -99 48 53 77 23 -32 67 -71 29 -85
77 -71 23 15 -47 -83 81 86 -34 55 -86 -27 98 -33 32 -57 -96
-20 30 -38 -47 -71 66 -13 17 -74 -42 77 -9 -65 -86 -81 35 -66
29 99 -52 -33 93 35 82 74 -26 33 -31 9 -80 16 -68 43 -94
-11 50 94 48 -52 -33 -14 -38 93 -47 -97 -58 -69 69 84 20 8
80 -61 -60 8 -16 -46 -81 5 36 3 19 65 12 95 82 -80 76
