17
6891 -5846 -10479 -16052 -14263 -12564 -10675 -3250 17387 2387 -12199 -6156 2341 -1901 -4776 7628 -11230
-490 -12872 -17176 9668 -7112 -2540 1131 -10195 15807 -5264 6483 -15351 -554 -19000 2938 27578 -814
10988 -1630 -22520 10333 14470 -11314 -9584 -8000 19697 -6322 11427 -14474 6545 -14418 8896 -1543 2832
-31045 -13450 20326 -9398 -7890 -5612 34876 -1992 1755 -15894 13292 -9168 5697 -10009 25653 -5329 17545
7485 -4473 13945 36485 15474 34403 9559 18710 -28289 -8894 -16955 4194 10173 19935 -13053 2459 -5324
18725 8584 13481 -7665 26879 17367 13653 -2446 -19489 -9643 1912 6869 2058 19368 -1836 9522 14630
31267 30245 9336 -40781 -5885 -11140 -22555 -10879 26570 28818 20238 29721 -4416 8515 3112 -20876 160
-2189 3493 -7890 -103 -11891 -1034 5023 -15179 9911 16056 2667 -14297 -782 -12970 16045 13890 -13264
-12909 -5859 -3371 -2814 -10854 -11857 -2430 -9109 -4949 -3357 -19785 -10138 955 -20433 -2864 24267 -9225
-5743 79 -4582 -10739 -9943 -30966 -21873 -5419 22992 23622 -116 1533 -1918 -25748 2393 -7366 -4424
-20482 -3907 -470 -921 -2592 -9979 -7192 16162 -31560 -11858 -16940 -18757 6132 -9726 -29238 21871 -13483
10495 6465 -16712 -33207 -15064 -18248 -12838 -32584 28304 18852 9438 2386 -5981 2739 26908 -22327 -12613
1208 -13 3926 8010 -8693 1053 -18696 10249 313 -9688 -4208 -10853 17410 -8744 -11949 13834 -8098
12937 -11696 12170 -6161 -8984 10776 20973 -1640 -5023 4302 5558 -8038 11208 5035 18050 -14340 23547
18882 19188 -2239 -17472 -12324 1255 -8176 -12820 23533 -12749 17619 -6577 17019 13229 19687 -23491 1700
18458 -1443 8311 1400 7853 -14419 -11426 -6653 26405 -3598 1122 19776 -11839 -15940 -19216 12953 -2011
-11794 9360 -4984 13297 9919 15602 -3534 16151 -21595 -9483 -12316 12418 -29557 12553 -37032 37930 -17989
Время выполнения: 79 microseconds
Объем задачи: 9826 operations
